
-1.2482249824495848
3.6532539451152766
2.8779152626015367
1.14344402004294
3.294286479516831
1.830316198032248
3.642034844003034
1.4836744731944291
1.1006565518041145
-8.045270229832312
-0.750983569458042
1.7859229922138589
-4.3851863649704335
-2.8189632996366614
-7.242551944428036
0.7952166903977284
-3.5140711815043235
4.440502217491637
-4.572732045501821
0.4624469545925822
-9.922987692937502
-3.9927418890791007
1.2194741686849175
-0.255620166983112
-1.6001408491973386
-2.0115615042431587
-2.6758172995921923
0.6839775295791716
-0.45960398061836627
1.2830817610272938
3.8872720174288453
0.05892268668257422
-0.3681821811725266
-0.34307540173030765
0.5263377446665198
-2.4569621479984862
0.5656419587843154
-2.9695147544440483
-1.4775735184215986
-6.480115814632122
-5.324071955490458
4.893528490349965
1.1290157383256907
-0.6064451504421801
1.1121534500042123
2.7628945448088067
-3.462189515287334
-2.837082140857368
-1.4732317740751986
0.5727515258114111
-2.36910659859934
6.9663855503660335
1.3466019568833096
-1.2767761147983403
2.2312927022982714
-1.81710947000613
1.0789124227320503
-1.2693967646623845
0.7593149322649517
0.40352338610714544
1.1130838665010034
5.483856028006479
4.107548156708469
4.142250624068381
2.8631937186009355
6.524218925121184
2.8167728582557077
-2.4162187064378786
1.629335992011852
-0.022559313064742164
2.990142047946304
7.789488292269168
0.320911512287029
-5.008595139570763
3.957901472004101
1.3537857489910485
3.88071533918332
-1.017216159008013
-3.550634452968585
-3.745802736884525
-4.121249782639269
-0.4695346135613297
4.969571748110315
-5.2080694094041675
3.38633112161425
0.4001714479458864
-1.9637539229621666
-0.2453267933231431
-2.5156368685384867
2.0997042621692614
-0.26208634688842386
8.853612657974097
-2.408705530179749
1.151955463255973
3.541980258533755
1.7762737642260502
6.998230856377833
0.6408866045323791
-7.149352394341822
2.8724123626764144
0.8530710834573177
-1.485004684416411
9.303383741794324
3.899560459232172
0.5723678547221992
3.6164833360275135
-14.163300237460168
6.102437097234055
2.53246606613817
-1.3555308521697058
-2.154121381659093
6.846349293186467
-3.715881296970313
-2.2082867895852556
-0.49934037422819333
1.1534074855076974
4.999484640957388
-1.2354495447082183
4.444967659616153
0.5989129927453203
-2.175972289385024
-2.056443468427161
1.1925729321937666
-7.091528405720217
0.4275700409482083
-0.1682476468154623
3.1919738832884184
-3.4417303380439117
-0.6572677027887084
0.34351203342669884
1.678321720700111
-0.8399544900149362
1.5414468955074045
-3.86894065595845
0.5216885619768418
1.125248171743583
2.9684016548639436
-3.7511071051502665
5.120022993060643
-4.7411415616585275
-0.8941268130632253
0.9422944272294992
-2.1179301654338336
-5.8066255869648895
-4.329269728765282
5.606102909882923
-0.1722308280799193
3.7436094060917706
0.417791730328585
-1.9243139819368726
-1.1668444555121253
1.447082953744892
-0.946908178622871
-6.581866800870874
3.3755063941082692
-0.3567192811318793
-3.940337198772077
0.9918773510161413
4.507713894981295
3.0710893727564157
4.734718056390396
-0.6737491528325443
-2.0856893065322777
-1.250769285540214
-2.5912502764173446
4.075619754084797
1.9736591240546169
4.089133006461667
2.8770738195738303
2.488785240209721
-1.8662851528537636
4.7344885644816275
-1.8916431798231608
1.7372643205625773
-0.003914498273491095
-6.4510619182910025
6.259610591746521
1.3379277563100764
0.5135995817826031
6.988670447948384
-1.3389301689654327
0.706821828899634
-7.082762908367136
5.052669000116316
0.6023929783222489
0.19484464817513167
0.2765727634724005
-1.8015063448365138
7.558731431050339
0.45679691352115825
3.3166743459853754
2.597409620384721
3.577224171573187
2.8339068246218444
-0.5460297992938875
-2.4525925566149938
-6.293008243877946
1.3769924947040193
6.190919688673188
2.024179866963503
0.5452757956669437
1.8468800080148324
-4.347327352414303
7.182792670135905
1.5728462499265992
-0.11560374632583068
-3.940395550925435
0.03976982316466377
-6.255085667007341
0.07805620290076686
4.385797757662214
2.5806418867958265
-4.324034692037251
-6.53402940504207
-1.704707506319884
0.40213605959717047
-2.474481762480427
-1.3081688093080914
-1.876479546306126
0.7811937712843586
0.7735609709541906
-2.2564145788786507
1.1652453092733126
-2.9394051692778804
0.7358918015298771
-2.9371919255901595
1.3704781555788843
-4.219931367640191
-1.752858090221389
0.05370453704333753
3.873378064821438
-0.32211857001344285
3.70164062729836
3.7731943085333715
2.547173275365453
-0.030726892585546083
-4.992723889961553
-3.7491966246176296
-0.3613365136305087
0.9132175641491747
7.19958290961754
-0.6420743079104844
-0.30311103230439035
-6.922358575526616
3.4625819518128695
1.9009190432037066
0.8334968689997222
-2.209207430311773
-0.3210239432404195
0.34627129898645487
6.094954363402725
6.825469784423093
-0.6938639199125077
0.1662602558927034
-5.490654908744478
-0.9523382699859455
-2.276210010575246
-1.8009744864064268
0.8070709545137154
-1.101489637394155
4.056608131274264
4.104762070916751
-2.203206060726695
-0.1816035663929024
4.164992877527196
0.06338483323380308
-4.557933453410074
-4.302079076641366
-4.0848420722744905
-3.7155440070049432
0.7610204791409503
-2.695429193226506
-0.21986030013499205
-8.596825770444925
-2.639125656948027
-0.771519966182292
-1.1666183186335801
0.1167069607346798
1.5014590237397225
-5.281989022868339
-1.982847149077287
-1.558806765595486
-0.014456210791616074
-0.636756652369958
0.1398450325869675
-3.3371099979510417
-3.657276333395912
0.13916174445522428
1.3558857348820283
-5.290902954651972
1.1072486730829616
-3.358414799795988
-8.628343656689054
0.9493258176691378
2.1705536395745813
6.382850219343992
0.17969767517923343
-5.807632225736316
0.8574850102901488
5.57581023147382
4.320297900695367
-0.5643116798251836
2.926725817130248
0.2654589593227398
-1.2562775820996517
5.867985366554046
-3.309435151346489
7.132541538727304
-4.132188288936541
8.289717953221778
5.953565098768459
-0.20273056854765573
-1.6500546775121525
-1.7396411124074105
1.0207386843224924
3.0632602275598697
-1.0021764330956444
0.3403041611689577
-5.1679423531360795
3.3655868380451355
-7.030512559508337
6.080036984902797
-0.856732583473823
-1.8436120243641956
0.17715232353762284
5.381931161737677
0.6120845822177616
-0.9319807813388526
-3.5781226585614125
1.433209794980319
4.995358549208569
3.9183949256076933
2.1860795874164363
0.07914387472839331
-0.09066350390972278
-7.690255017938768
-4.137314730045982
-1.0243729761147016
3.5975712181915345
1.620984175056041
-2.210629928544402
-3.250060747425845
0.659024912524254
6.675083423992846
-3.4715970400542804
-2.7215312825226095
-3.345963497812157
4.399882797362195
1.6726722223506234
3.051082772135521
6.175058208024921
1.6643218760863323
4.276539857200362
-0.9058738973555583
3.910217490469916
-3.7005389466928977
-3.6540648394050805
0.4131139221676812
7.724664536915954
2.0092328968214184
-2.6195716159406013
2.4963105230100804
-5.992352535790857
-10.903874474696002
-0.3716225633204261
0.548629974498273
0.2767921257325384
-1.4570239537932392
-1.454473837632591
-4.705377505026959
-3.9467265656805424
1.5585751247613187
1.3604175953918012
5.221207927740684
-3.26415419958451
1.254027178247225
-1.1194605864377765
0.1786059639138222
-0.09363189606952393
3.121841976878491
-0.9047970596837979
0.6577664271895732
2.34509945025684
1.239470970042495
-2.2649306469979167
-3.1493034890259426
-3.0407338468492457
-4.389612947517315
-1.9278978416999006
2.523573245602647
3.1711656429554695
-0.4180303872898306
-1.710044312672272
-1.004978378827827
-0.2967379783739428
4.524925094967188
2.769494013594586
4.2078666089759
-3.7082701296676848
0.9380190102431564
-2.530303712967925
-2.3945070098615044
1.1667471780864043
2.2421751813618234
4.444599703692166
1.5768746569277876
2.859108814164303
-0.21603543418454024
2.387909575879949
-0.3076098666694182
-3.793261530375833
-2.765617960718331
0.5653743796953463
-3.25698024664154
-0.6826194272827766
1.270095407032881
-1.7525091945695417
4.591420927642135
-3.706336477756958
-4.592756517521606
-4.27376104698097
0.4389403561973898
-5.70541836650388
1.955813545806105
0.027483163948674172
6.547980899401956
-0.9794549524470337
-2.2188890999659145
3.7640411791543347
2.323244133528173
-1.7118979568883579
0.4630393205486463
6.5737759366487065
-3.7342842958145104
-0.2010935098764387
4.527238471975535
0.4233684148115639
-4.310163122737787
0.4711066331884055
7.250039533166427
-2.1366493641671336
-2.2762207153521725
-2.8737486997619177
-1.185784432793836
2.9141528846401625
-0.48849348743347226
-1.7641953873575749
-1.829676511306581
-0.28137675331209205
-4.681699431747142
-3.956280376115116
-3.616320401222437
-2.4308948576240894
-2.7113157235842866
1.2544906453673226
1.0773144465623403
5.754320106787682
3.4933099252098687
0.4335980463359847
1.4054739579912185
1.5806080317064675
0.16282057542035752
-2.943848743990239
1.3527263001476937
0.6363394669125624
-4.545742075694037
7.675556693931078
1.3240309894903428
5.338405643348841
1.1866717794220571
4.11905304314056
0.21946885045826095
0.7685743088977753
-0.4228907678484387
-0.8174784645640822
5.229892830718119
3.785621703069173
-2.1219521007327056
-2.299974094888455
-3.201399752246307
-1.9081878236889758
1.0551590212518878
0.47894239900241353
0.756056254317029
0.33160157442941895
-1.410971064260682
-9.289776445242511
-5.692410583032392
6.440073390316747
-4.015441796847849
0.15771218984326063
-1.9001075557507294
4.912039312573466
-8.237966741273716
-0.4448867245060976
1.5688800490593842
4.784235910329831
0.9054575043683432
6.2593139591248175
-3.8752468102645725
-5.078320088881614
-0.06226802486356792
-1.7404922806829728
-0.6579455426323599
-6.3371165057036265
-0.9812764001630282
1.0906304034335137
1.602697726841947
-2.2574399271370154
2.4231249506563235
2.8993394872704887
2.983414021441912
-0.437700669709031
0.9649130118299931
2.87946275208032
-3.25670545482943
-1.9480684991608455
-3.5392728276616565
0.6769534654006739
5.684919677014025
2.665738240733671
0.7255250288117604
-3.982674975730968
0.6861572306736621
0.1431060680460143
-4.2382054557287505
-0.7229009665271524
-3.5878919002314724
0.7812541088506948
0.45230753382681127
3.206017017911834
7.982530459498656
-6.980659559163136
-1.3439485328840537
-1.428170695780285
-3.0331547842893247
2.848390270465051
1.0719066700186457
-0.8391299190270392
1.02579402929657
7.648646932701736
-3.9682003927487624
-6.288899998115319
-3.237354635735429
-6.4534449446336435
3.43813376144932
-0.9606557625204423
-1.552219992476407
1.3197311925396191
-3.213786728837474
1.7101665096612289
0.9969369857968114
3.6784317227358345
-1.713219007421405
-1.7268575888464202
-3.257429951512792
1.7318049596929121
-3.4788317713129864
3.104169086119203
3.3357895253915966
-5.472113338573948
-3.4080103224317786
2.867193304662431
2.6224660952396994
-3.508193003429184
-1.5178220517326462
2.061922949883004
2.9848395941278243
1.1357910984838033
5.898041107839071
2.099210801001816
-3.0629281453364414
1.6014325947356591
-0.6789339730599274
1.5270591096422543
-4.883062258248151
-0.04040979389110303
-0.6475823332193202
3.395899865718498
1.2220226654379116
-1.0782462850317325
-0.5794736976101917
2.4137297103571127
0.434378069869742
2.809419167607636
2.6368148067326933
-0.5419875617984372
-4.128147488899624
3.4626932117818097
8.210030212740003
-2.19907146762845
2.754804446205198
-6.527123765930848
4.808198890424709
4.081741449578921
-3.3129542377229595
-2.1625436078110547
1.832998884987907
1.613799002167447
4.101440920317034
-0.7373387914229612
-0.7803117566509173
-5.637880057466057
-8.622545175456189
4.869054395517321
-6.434790274632246
-2.0725862431699826
-0.15176828549102628
0.12071055081251665
7.871810446296804
-2.617503641752011
3.21679214516893
-2.9341154377678023
7.3261323663822955
-8.127774556512255
3.8896096861699645
0.35831253709765465
-4.625775859623694
0.9210893719937716
-1.212436342673976
-8.47093146690644
-0.3940976115876641
0.7102785426174499
-2.062533354587477
1.576728218196439
-0.2914744724262923
1.215176901437997
2.45002311695581
9.672928449083837
1.091150486874138
-2.208883300220817
4.572038818923348
1.539577345519541
-0.2161994769964346
-4.994043529377712
-4.78159148672758
0.22050298180805647
2.149308435784632
6.264093467952203
1.0386830627911887
-2.2423156102836233
-2.7928419664083464
-1.5611785006260255
-2.298508547112728
2.625118603976162
1.5350241626366468
1.8146075569341784
-2.2725844029297804
-2.4487327711489164
0.009364275456390125
-6.056625127075079
-2.8934126984488775
3.5085448378693687
2.565785403297312
0.41372645306783773
-0.8778201791934521
-3.760067532745201
-2.111592109988414
-2.067091410472603
-10.553798890797989
0.5121915862183505
-0.7634004888326722
-6.054748809708538
-1.1864938673971974
3.226687740167163
1.2242837503190334
-4.406993895329098
6.4356586236159465
4.552965835284695
2.375263846596311
1.759602785503635
-1.2905608399111355
-0.21565959174194974
1.320325633061832
-4.133388461144035
-6.4585778651869346
-1.7549460710089733
-5.898792577726096
-3.073561955155587
-0.7082627293465416
6.283366057138248
-0.49442999193447995
-7.185433865083118
-5.5539121921490855
-0.9959238160684312
-0.489370239767924
-11.301352483281644
0.8749529770932235
-4.668211873450094
0.421375677740409
-5.68251630775763
1.2127581574446145
-0.1337207037008079
3.292404874280118
-1.4625615300519923
-1.4706499786568275
-3.6376431889050993
-0.8777122818630863
1.3100641794207692
-5.612928125825228
-2.6794914905820804
-2.2521474947531344
-7.853749659072309
2.179607080093961
5.2015234835874455
-0.20218670133755628
-1.4819131599329207
-2.801388616000155
8.458280110698446
-0.8608514107713671
9.247499202036186
-1.0901649257296275
1.323652262840463
-1.4320276611200493
0.34736733062817965
1.9643439733890373
-0.5955107452096355
-0.8084153327506058
3.6906666756673587
-0.7334356278786346
0.6014126554042263
-5.2338407231549
-1.9878098746677888
-2.9748858796686117
5.434937150995485
-3.592812972685778
6.76167672647896
2.812071666838939
2.2077385816915336
-0.43846391786192535
-3.1448005748721424
-0.7852392184644554
4.240256305812545
2.2007795927798735
4.874420678325103
6.256967992464199
0.41106324032784075
0.5546778415977385
-5.549926875867381
-2.2645876385566885
0.2261446045083751
-0.8845393789698289
0.4151906119446251
2.188962864245118
-0.9831330022182722
4.22141804247206
-1.957928326202968
5.895493800676472
0.7178604778410494
-2.864820182072536
-3.1588976029372615
1.9574316526013076
0.3368717360724793
0.47726736262756536
2.5178613126932983
-1.4447949691269888
-3.6979638527189542
-6.241622571047946
-1.9881322152027274
-6.620291952070503
-0.5883138841854801
-3.3664267120583613
-12.160403676921591
-0.9478509721059994
-4.444410532595274
-2.804854953781847
-3.6406052897009067
2.884967145694898
-3.7315620343849876
-3.098832904773537
-4.449614750904611
0.4449195487590621
1.932978382676139
-1.849645763546279
-2.6199070026372437
-0.5513106013351032
-7.186390187643462
-1.9728294835948448
1.1202208200664265
-1.8818268809236463
1.2792542195075765
-4.172995643516077
-6.6487358726108585
3.2938722288973326
-0.8934247662811301
1.974803279077389
3.655619633313538
2.2933193166299626
2.4383594030969937
-0.9237429045468926
-1.9582307023259846
2.703973219534466
3.5697830117336458
4.815996082063828
2.322748867534814
0.013584273758401584
2.237327545491544
-2.3631293037078764
-2.180855868275607
-5.527322898813263
-3.8520468794357114
-3.150269003091057
-0.5847651384727958
-0.12195340723003394
1.7493964470265935
-1.8887372753400087
7.275287036670767
2.305816246441835
4.082974803445699
-0.5619071144052123
0.028565283557166022
-1.025027201062706
1.5013995748216087
2.0608239056992725
-0.9736099206488439
-1.0200600260904693
4.347900810433917
-0.2909936656563285
0.19247258264605174
-3.566851712173173
1.070801383409206
3.743253023122582
6.67498205029031
0.27037377565459497
0.029058192977229818
1.6573202578879842
-0.7504122091293631
2.91728774678159
3.3592461933887923
-0.8270067445950481
-3.7779531484579594
-6.309998503405285
-4.789104951102918
-0.060190535485056706
-0.3788385535894971
2.3910613426401315
4.173118049564052
6.335563940139634
-6.015034528357821
-1.8077640025754433
8.990409757669635
-0.4554693045829166
-1.797844904843732
6.695087636912277
3.9244435239316355
4.427255649884234
0.3048180161520745
1.8381833934941092
0.5240857644362762
3.7450164964531725
-4.26959759680473
1.3750157713114037
3.756914656796383
-2.9238310291156773
2.321834035195355
-5.326259412574302
-2.0758588554358526
-1.1532241895472597
-0.5593094829199509
0.8763034744307259
-1.698099916503211
-7.949077879401855
-1.4145236477003345
-4.866031582553153
2.706186172689952
5.151563696786134
-3.025944425354589
0.06372029752648412
2.2926007807678954
-3.6659477854037177
2.1352837090453476
2.8875764619358515
0.5294926975988896
1.852142747355774
3.7022329553037117
5.613704245302033
-2.5139670089596526
2.505037537697968
-1.4249732021785375
-4.287167052528816
-2.4951930128623045
-2.151146532549251
-3.1394286568410816
-0.03159469656184286
-1.6273308364185708
3.6855261824193457
3.540113654719007
-4.284632005866939
0.8249606588329317
-0.2058997791045987
-6.993508010766737
-1.735211407370115
-5.402320286158134
-2.192141338208275
1.9298638823234886
0.03809217408266192
-7.932128548743608
3.323240739125871
-4.62667908956002
-2.522705533646453
2.4110374758577273
2.062858664555596
-2.7804194451959274
2.0169313972297624
-6.482717319209181
-0.27496516110383507
3.215710405051252
-0.7652916504356357
1.2934039667553825
-1.590679335122945
-0.9441787396993001
0.18647712571019107
2.5274362254132323
-5.723489622026373
5.803565817180838
3.053490582264277
-1.711108490237075
-1.2708823850314217
-2.0541117709389494
3.0455178092567667
3.353874595747977
-1.84802909646645
-4.206495332743317
0.8109111599285355
6.4446516292810845
5.606482579621959
9.04752017744672
0.08112352814373347
0.4820311323298205
-0.9247538646652519
4.19190002346193
-5.124261705357542
6.153498860398955
-0.31733209031849857
-1.8349351289685745
1.856546116290019
3.5843025077816786
-8.52743708854565
-0.19593109153794955
-3.1064555297355847
2.1919383913926884
4.687813145974231
3.0891577851744247
3.1930873054433455
-3.042755282828125
0.5257174659522096
3.163865033407915
-3.0661901366386513
1.0952079008748918
-0.6683112951540249
-0.4746731146100661
-2.8022199572072903
8.443617786590194
-4.378087655034355
0.273480493715805
4.2612983146027466
-3.411756157617581
1.197638942341584
-3.2320119887154437
-1.407922518760915
-4.084764486830688
4.544192564203197
-4.284453619163825
5.059631714451294
-0.5754811069804531
1.150289166267808
0.08195993493986431
-0.7606642559404366
-0.06031331234977029
1.4309414260159554
-0.2693635718361622
-4.518158965862047
-3.129014645905115
-4.994613271554116
4.341080208417325
1.7161687771547733
-1.6488117143916963
3.314074939424581
8.23592559980181
0.8651006106380904
-4.522075787318007
0.4265208534184816
-0.22757768657136696
-2.917270370189755
-0.2583096691766009
2.0456709564598428
6.024052920264897
0.15599600401328867
-0.13070496285631886
2.7062006302913995
-1.412289521510226
2.6309194849483077
4.176835618027605
0.5379058743060742
-3.852065200789108
-3.522864885655282
-2.171287057232737
-4.39766926859069
4.8929129092551396
-2.0341801961507757
-1.535172423897132
4.106718985125744
-4.171215690843696
-1.2158720933916096
-2.2615594203985725
0.9641088453731798
3.1038611901862256
-0.4343757643968249
2.136120748683704
0.38822151284120976
-2.2735990369043995
5.779651589605441
6.593470670247666
-2.4310026102110633
-2.91656808684701
-2.8983126824843595
0.46822163126178823
2.6564060316974882
-0.3443038018729446
-2.049318425555036
1.12100008476567
7.484702760842008
-4.402289868321443
-4.924907181935254
-2.961434242568602
-2.632288753703771
-3.1958292282241683
-0.647869924300303
2.3889059933995695
-0.8680486557875551
-0.4053380919938064
-1.2001359483441794
-0.9003853616501741
-3.0605314299934347
-4.525172007547638
-2.73152055503452
-1.149733886928756
0.5955148999674716
0.3203836419302592
4.146682123634112
-1.8453910114964354
-2.4690082415976673
5.833548827280062
1.9934828913272902
1.368678260241388
-4.446194044780726
-0.35954642653601326
-2.8681433269840895
-1.6665034845428672
1.497952983268591
1.2901860376636338
-7.842592355366544
4.709049903264449
-2.2202490368387253
1.6078842932829196
-1.7566794697735408
-0.04984358448583722
2.2540422771497335
0.22416605237151538
1.3697245665536673
-6.8688815861948225
1.3899009586736248
1.8989008792164697
3.1997734801346858
-1.085499965914677
4.423870331413176
2.6304041677572663
-0.4990505970879543
5.096361815202574
5.419266275290705
-1.1679580553897322
2.933831796895375
-1.1023050615568337
-3.7177820456896726
-0.7703343388097941
7.6390612490648
2.1354983999401886
-0.28948446211053547
-0.5135423299471292
0.7025599203643043
-0.9718925081264973
0.28947452271048474
2.0868820132400474
-1.0671008819600478
4.1389924943373115
-4.4924235892050985
7.087057156195544
-3.698322133752058
0.05436438038382567
0.8152856464091397
2.6721287016150463
3.154829356451779
1.0683636839898396
-0.020456635675106763
-0.7944986382913534
1.7575031653669908
5.491690203409254
3.466474353764995
-6.861423955292035
-3.9719653026537975
-0.3532200362191785
-3.2013558497920522
-0.2703264206645368
-5.812807080551673
2.018204435666873
-4.767461528103943
1.0385604787446263
-1.1664423716192112
-2.725513610381346
-1.5668918139516803
-0.12767168445046484
-1.2380722822466719
-3.4834949557642965
-1.4443513052405352
-0.8980452632168636
1.4437163561176032
-0.7339212308915977
3.6453838442420854
1.9185512389406878
1.6140050880089758
-5.3194881690789995
0.7072064068348698
1.2161636226111021
-2.754499935303894
-0.399834840180097
-1.806886554825908
3.086748218498741
4.024084685909159
-2.2647949740076334
1.3248703568855698
1.3653083882358361
-4.885694984547216
1.0851267262946167
-0.5431807138314376
-1.6435517560762285
-1.432475591385036
-2.520310886406109
0.6721626228155034
2.700948022380908
0.49104640869926747
-4.268340045707556
1.073915393350122
0.4643595136302451
-7.498890358922457
-1.7845194212819597
1.4129618138759976
-0.1718744848149501
-1.8969020741288782
-0.052037898730561576
-2.575287872588652
2.210746169284155
-0.43372015105775497
0.8578373767238229
0.9665051864709887
-7.412248608431247
2.9639717866447812
2.775218846546445
1.230957297794673
-1.7472878522903232
1.0368511438036354
-7.616366699980042
-0.7299713381991925
-1.0613994530500457
-7.230454064126606
-8.27843341255595
2.285172152895429
2.471186250434135
-8.94629174869354
-0.49222824277921573
2.100109585586614
-4.019515927756093
-5.626483603682129
-2.545261836366828
-1.989672767830548
-1.342100056496916
-8.706726314608852
-3.5935099944527704
1.4078855241133772
-2.145477936392882
-6.243029158018006
2.5320628567572094
-1.7538462992090738
6.051026717390764
2.0024415294072946
-1.9711884161328181
-0.47744502382000753
0.21195994056567183
-1.7384505562221568
4.219881271608881
-1.257220681614235
-4.445500767052312
-3.4918725097951215
-3.029729658114758
5.153727047305066
-6.295152700612175
0.634373022236801
3.3402779456297065
-2.5111559153525898
-0.9191987127900685
-7.830895957912507
4.117864422897093
0.9735341550844261
4.62901078869345
4.291030678951234
-2.7618651898346673
-0.7284200143724537
-2.7642723859276654
-3.6857929976260735
8.392601569042522
-1.116870704260152
-2.0784919557831802
-2.88914988086564
0.5418102118974759
-5.00391637214083
-3.876391055481764
-1.2095973946709166
-1.160095107095426
-4.658504174357482
-1.9136819139493229
4.714361510108183
0.7681824049242614
5.190207149506093
2.5242837379510497
-1.5072761197901126
-3.2898915129683397
0.9789536656803157
4.815466884398265
4.47224821117078
3.3588944944580787
-0.8813581204892458
-1.5687590128751128
-1.4035778362364943
-0.6810862972523163
3.6823686701541023
-2.0903858702763554
-2.0811675666828053
0.4208078059390565
2.7413545402857635
-0.4705138010286916
-3.903943897375941
0.39097753399394625
0.3939221211590697
-2.5892766742639663
-3.693434348896145
3.167717815204648
0.8384263600549816
-10.420852442746178
-4.5597046269624695
-0.7685883626430132
5.559525451716299
0.3305836384310406
-2.0215939149974718
3.1745684929494513
0.6604093243005283
-3.1598002493514925
-1.2197540268788085
0.17683977748705354
-6.116588741502599
-2.509086706633864
5.174441234071173
-4.897351292393653
-4.609027349040671
0.20800122884428704
-7.756421160827389
-0.3891024915817955
2.46646969092906
-4.936249144589786
-1.9172274425808347
-1.1730268363011394
-2.7425000903168084
-0.37083370895350243
4.240083173913996
2.422890388553139
1.4988266116597053
-3.252146992104711
-2.6056499993307325
-2.244740060157455
3.162370520734449
1.581692365761823
4.945515144343821
-4.66898441609258
4.418805374449576
-3.477972955276968
-2.1641091562650714
1.3426932493459232
6.511219516390641
1.1914636879994476
-1.0962899035493556
-5.223794291523343
-1.23800893038688
4.340222096458527
-5.658505935007566
6.6839997344106585
0.9663616722296047
4.419603559438584
1.6836729667068484
-6.229726616685954
-1.6831578304084942
0.21608426278620782
-2.512401236030902
9.423202720764847
7.57153475049597
2.7524174676903703
-3.115147786914897
-4.397641054197994
1.7902047671087895
1.1959576637137697
4.861238815735022
2.3810923360554344
6.013748827210323
-0.5303118502207624
2.1368243041799406
7.374580969427133
-5.007810017827684
-0.23086714561124935
5.965177091395213
6.8909154867358025
-3.609746750829196
-0.8821977456418255
-3.6987612596267785
2.9537826248648065
-3.409738180402152
1.5283370097909073
1.0350609301050886
0.6507148245544144
-0.629956706478399
3.8919473490591625
5.35260452629182
6.1975957697171715
5.5175184178327354
8.123151277234081
0.28811196428644265
3.7036345851090395
-1.4641197391125962
-0.7179526681568708
2.504834688851655
-1.2259748820929048
3.154720974509961
1.7982820396189247
-5.2272707967773995
-0.010300924656593415
-1.5333915662337523
3.964757828606096
1.3755375625504433
1.81501714128757
-4.3465070566239
-0.21183254645640695
1.6601673328464086
-3.326176422853291
1.9009433736689456
-1.697520611593517
-1.440516018007592
-0.006223614157624619
-0.5721719955943574
2.9478328995731253
-0.66960971995437
2.2739223864635822
2.214590628474824
1.1804435849930504
-3.8330189235990035
-0.30311416903508737
-2.323505694104221
-1.833400630313341
-1.1950034088005843
-0.2883974550486077
-0.06072151315687367
2.4197403474488737
-3.7739307561324584
8.781747969129555
0.5570778106068516
3.3042874213470017
-1.4686547977295337
-4.606022170060791
-0.19217657740243402
1.969252825440364
-0.825345886611106
3.2944985452948727
-0.8751528020898134
-5.099576834624079
4.04979854667161
4.638374638566107
-1.4509409501259793
5.4037033533813545
-1.3074510159704884
1.2032137727783965
0.7569637278640696
-3.8861471307957505
4.905503475798233
3.889652636165663
0.23071320100833545
-0.6623205651872629
5.507703200076651
5.46700446904135
-6.532544520620302
-2.321777603522008
2.044671404409033
2.2096112588508747
2.2371078483584994
-4.47541533322081
2.104184103908641
-1.268702571178312
-6.235178901159971
-3.9743704987484256
-5.844619927235448
-0.5090002390608271
4.810843433356396
4.323905048669207
5.028358412472865
-1.691967541247104
0.44456690605422183
-3.1203616388154694
-2.2709908936518315
-2.4167854537551308
-1.3508272151290908
2.0858624178266068
-0.1591547000467365
-2.581944183825178
-0.32661125609613484
0.5068927897170227
-0.042754357456338744
0.4791456880920503
1.7227204193416432
-2.9979366643458936
-0.31654835415205956
-1.28209732845698
-0.26775823803437204
6.52201596691347
0.8545443731482135
0.44520968370007524
2.7533559644840855
-0.49303336062871006
-7.117158429637788
2.631175767079688
-4.185874030932073
-3.3975445150726578
-0.336689426191991
0.05798324434783661
-1.7428813730483643
-0.3713081022503372
-0.12388690919571421
4.958054364942578
-2.168207733350823
4.260143460113996
4.909166088138594
-4.549785449857785
-1.9424944777480178
-3.5030324637145593
-0.08426821727110029
-0.16779676688760736
-1.9683876914603995
-1.5465297761229007
-2.195812591558742
-5.19463004904673
1.0172044161140374
-2.603764521683849
-0.11930916400851838
6.111812507093981
-1.7289707166176729
4.920141897614445
-1.3915786493908313
-0.34030936476473533
-1.0722923839460945
3.6969718550656188
-0.6344608933135742
4.53225663575333
5.448174973622652
1.4921401257547888
-0.7327566539308855
-0.07911706600810368
-4.621724829457125
2.2058076884677686
-0.8420226952931973
-3.861486150259515
-1.0443808646720347
-5.361463375712069
-2.3782161800700496
-5.138915860389791
2.902055376294332
-1.9607713318421225
-1.4108581333522818
-0.5848417019830752
7.280598199278593
0.334895200769636
2.264918423656266
3.6960455155699994
5.407255791973741
-3.3107053897368766
2.639194759989496
4.081340675308351
1.2014870391047987
3.6776168422538142
-1.5861469120395884
7.6925831154651325
-1.8778279952235248
-3.01520045874954
-5.066688436517927
-1.4280544391900447
-4.33967055538528
-0.7843043967278596
-3.597905949087
-3.098652262577073